485933
202768
18579626
1837929
1630960
1282762
714019
3231731
6247436
2744069
785642
308383
22108980
2401326
2351041
3688758
1246074
8488388
5665486
4657702
494337
210208
17473755
1597244
1557479
1793819
582275
2365264
4841978
2672624
785603
186482
17742586
2524717
2411406
3664413
1842952
8731404
9207026
3805300
499823
203684
18544861
1710916
1534339
1280205
619891
2536755
9508993
2719003
872363
228942
17531099
2291345
2297938
3581720
1226438
8259404
6762687
3759748
537404
203664
16140289
1638691
1558698
1318876
966818
2911926
6159037
2233892
805615
186784
17986425
2521388
2333829
3562497
1265964
8611949
7548622
3878851
489012
203373
16276262
1821315
1026857
1307135
547397
2969619
5109019
2514528
799927
220824
20162254
2511577
2208743
3578982
1936879
8434026
8699025
3787241
465145
210610
18904380
1803765
1787231
2058471
835059
2635386
4863172
2303631
841319
242169
19591508
3204421
2490771
3759823
1273962
8652245
6463584
4146290
478041
230127
18665257
1567872
938313
1937182
759571
3022034
5072222
2232340
785509
186599
21226890
2486440
2387534
3587743
1269991
9079836
6662387
3643882
481110
205995
21030714
1650650
1787627
1513305
619502
2155335
5416006
3010547
819023
186466
23347817
2523916
2320338
3675034
1217605
9115185
5559364
3827824
488260
207929
18636648
1662155
1548064
1314979
576096
1827116
4663437
2469670
791277
186645
18687241
2629964
2437232
3578830
1285773
8495304
5947968
5078947
508344
203093
17962998
1679742
1583394
2483827
609561
2302659
4575597
2383516
827424
213652
20167486
2472586
2348062
3687447
1291501
8456869
6619696
3651871
